3500,1818209062,1,0,0
3500,365034716,2,0,0
3500,1107979746,3,0,0
3500,142985315,4,0,0
3500,958693599,5,0,0
3500,1929400088,6,0,0
3500,1432042961,7,0,0
3500,826038496,8,0,0
3500,366669343,9,0,0
3500,1325799991,10,0,0
3500,40111912,11,0,0
3500,652368246,12,0,0
3500,361724098,13,0,0
3500,634204456,14,0,0
3500,1333481714,15,0,0
3500,1806611715,16,0,0
3500,395831826,17,0,0
3500,2123943691,18,0,0
3500,1236181086,19,0,0
3500,553093844,20,0,0
3500,1602419699,21,0,0
3500,874779120,22,0,0
3500,338713531,23,0,0
3500,1232431207,24,0,0
3500,2069611762,25,0,0
3500,1675466047,26,0,0
3500,1607561214,27,0,0
3500,676635902,28,0,0
3500,622516029,29,0,0
3500,1029437379,30,0,0
3500,1328800935,31,0,0
3500,1453058402,32,0,0
3500,1179961752,33,0,0
3500,461968235,34,0,0
3500,1840508374,35,0,0
3500,1013996936,36,0,0
3500,1512437369,37,0,0
3500,1081400505,38,0,0
3500,978530108,39,0,0
3500,1152846066,40,0,0
3500,874380813,41,0,0
3500,1434970074,42,0,0
3500,138197959,43,0,0
3500,822817846,44,0,0
3500,1242820830,45,1,1
3700,1906349902,1,0,0
3700,693491861,2,0,0
3700,301731818,3,0,0
3700,1487376092,4,0,0
3700,703185243,5,0,0
3700,1240522967,6,0,0
3700,1221306310,7,0,0
3700,1620576796,8,0,0
3700,1217612234,9,0,0
3700,1512437369,10,0,0
3700,1081400505,11,0,0
3700,783575398,12,0,0
3700,61837058,13,0,0
3700,784498918,14,0,0
3700,1333924705,15,0,0
3700,2042283412,16,0,0
3700,1645385654,17,0,0
3700,1623221151,18,1,1
3701,1623221151,1,0,0
3701,1645385654,2,0,0
3701,1415700811,3,0,0
3701,1068474950,4,0,0
3701,1241446487,5,0,0
3701,1332077664,6,0,0
3701,1432042961,7,0,0
3701,826038496,8,0,0
3701,366669343,9,0,0
3701,2042283413,10,0,0
3701,1620576796,11,0,0
3701,505382218,12,0,0
3701,1217612233,13,0,0
3701,1764133999,14,0,0
3701,1341693838,15,0,0
3701,1418471370,16,0,0
3701,1510464122,17,0,0
3701,1906349902,18,1,1
